0 R2-D2
1 QUI-GON
2 NUTE GUNRAY
3 PK-4
4 TC-14
5 OBI-WAN
6 DOFINE
7 RUNE
8 TEY HOW
9 EMPEROR
10 CAPTAIN PANAKA
11 SIO BIBBLE
12 JAR JAR
13 TARPALS
14 BOSS NASS
15 PADME
16 RIC OLIE
17 WATTO
18 ANAKIN
19 SEBULBA
20 JIRA
21 SHMI
22 C-3PO
23 DARTH MAUL
24 KITSTER
25 WALD
26 FODE/BEED
27 JABBA
28 GREEDO
29 VALORUM
30 MACE WINDU
31 KI-ADI-MUNDI
32 YODA
33 RABE
34 BAIL ORGANA
35 GENERAL CEEL
36 BRAVO TWO
37 BRAVO THREE
#
15 0
1 0
18 0
0 17
22 0
24 0
2 1
3 4
5 4
1 4
5 1
2 4
6 2
6 4
2 7
7 8
2 8
10 9
9 11
10 11
12 1
12 5
12 13
14 1
14 5
14 12
9 2
9 7
2 11
12 11
10 12
1 11
10 1
10 15
15 1
15 11
10 5
5 16
12 16
1 16
10 16
12 15
1 17
18 17
15 17
18 1
18 15
12 19
18 19
1 19
15 19
18 12
18 20
20 1
20 15
18 21
12 21
1 21
15 21
18 22
22 15
5 11
23 9
18 24
18 25
24 25
12 24
24 1
12 25
1 25
18 5
5 21
22 17
24 17
22 1
22 24
24 15
26 27
27 21
19 21
18 27
27 12
27 15
27 19
27 1
26 12
26 15
28 1
18 28
28 25
24 21
18 10
18 16
9 29
9 12
9 1
12 29
1 29
30 1
31 1
1 32
1 33
31 30
30 32
18 30
30 33
31 32
18 31
31 33
18 32
33 32
18 33
34 9
34 29
5 32
30 5
31 5
14 15
23 2
18 14
14 10
5 15
9 35
35 2
23 35
23 7
36 16
18 36
35 12
2 15
6 8
37 36
37 16
18 37
9 15
