0 DARTH VADER
1 R2-D2
2 CHEWBACCA
3 BB-8
4 QUI-GON
5 NUTE GUNRAY
6 PK-4
7 TC-14
8 OBI-WAN
9 DOFINE
10 RUNE
11 TEY HOW
12 EMPEROR
13 CAPTAIN PANAKA
14 SIO BIBBLE
15 JAR JAR
16 TARPALS
17 BOSS NASS
18 PADME
19 RIC OLIE
20 WATTO
21 SEBULBA
22 JIRA
23 SHMI
24 C-3PO
25 DARTH MAUL
26 KITSTER
27 WALD
28 FODE/BEED
29 JABBA
30 GREEDO
31 VALORUM
32 MACE WINDU
33 KI-ADI-MUNDI
34 YODA
35 RABE
36 BAIL ORGANA
37 GENERAL CEEL
38 BRAVO TWO
39 BRAVO THREE
40 CAPTAIN TYPHO
41 SENATOR ASK AAK
42 ORN FREE TAA
43 SOLA
44 JOBAL
45 RUWEE
46 TAUN WE
47 LAMA SU
48 BOBA FETT
49 JANGO FETT
50 OWEN
51 BERU
52 CLIEGG
53 COUNT DOOKU
54 SUN RIT
55 POGGLE
56 PLO KOON
57 ODD BALL
58 GENERAL GRIEVOUS
59 FANG ZAR
60 MON MOTHMA
61 GIDDEAN DANU
62 CLONE COMMANDER GREE
63 CLONE COMMANDER CODY
64 TION MEDON
65 CAPTAIN ANTILLES
66 LUKE
67 CAMIE
68 BIGGS
69 LEIA
70 MOTTI
71 TARKIN
72 HAN
73 DODONNA
74 GOLD LEADER
75 WEDGE
76 RED LEADER
77 RED TEN
78 GOLD FIVE
79 RIEEKAN
80 DERLIN
81 ZEV
82 PIETT
83 OZZEL
84 DACK
85 JANSON
86 NEEDA
87 LANDO
88 JERJERROD
89 BIB FORTUNA
90 BOUSHH
91 ADMIRAL ACKBAR
92 LOR SAN TEKKA
93 POE
94 KYLO REN
95 CAPTAIN PHASMA
96 FINN
97 UNKAR PLUTT
98 REY
99 GENERAL HUX
100 LIEUTENANT MITAKA
101 BALA-TIK
102 SNOKE
103 MAZ
104 SNAP
105 ADMIRAL STATURA
106 YOLO ZIFF
107 COLONEL DATOO
108 ELLO ASTY
109 JESS
110 NIV LEK
#
0 1
2 0
0 20
0 4
0 18
0 21
0 15
0 22
0 23
24 0
0 26
0 27
0 8
0 29
0 30
13 0
0 19
0 32
0 33
0 34
0 35
17 0
38 0
39 0
40 0
0 14
0 43
0 44
0 45
0 50
51 0
52 0
0 54
0 55
0 5
53 0
0 57
0 12
0 58
36 0
63 0
0 69
0 70
0 71
0 82
0 83
0 86
48 0
0 87
0 72
0 66
0 88
2 1
3 1
3 2
8 1
18 1
4 1
1 20
24 1
26 1
29 1
12 1
40 1
51 1
50 1
36 1
1 34
66 1
69 1
65 1
68 1
72 1
87 1
2 8
24 2
2 66
2 72
2 29
2 69
2 79
2 87
48 2
2 96
2 98
101 2
2 103
2 93
2 94
95 2
3 93
3 92
3 98
3 97
3 96
3 72
101 3
3 103
3 69
3 24
5 4
6 7
8 7
4 7
8 4
5 7
9 5
9 7
5 10
10 11
5 11
13 12
12 14
13 14
15 4
15 8
15 16
17 4
17 8
17 15
12 5
12 10
5 14
15 14
13 15
4 14
13 4
13 18
18 4
18 14
13 8
8 19
15 19
4 19
13 19
15 18
4 20
18 20
15 21
4 21
18 21
22 4
22 18
15 23
4 23
18 23
24 18
8 14
25 12
26 27
15 26
26 4
15 27
4 27
8 23
24 20
26 20
24 4
24 26
26 18
28 29
29 23
21 23
29 15
29 18
29 21
29 4
28 15
28 18
30 4
30 27
26 23
12 31
12 15
12 4
15 31
4 31
32 4
33 4
4 34
4 35
33 32
32 34
32 35
33 34
33 35
35 34
36 12
36 31
8 34
32 8
33 8
17 18
25 5
17 13
8 18
12 37
37 5
25 37
25 10
38 19
37 15
5 18
9 11
39 38
39 19
12 18
12 41
12 42
42 41
12 32
12 34
12 33
36 32
36 34
36 33
40 15
40 8
8 6
18 43
44 43
45 43
44 18
18 45
44 45
8 46
47 46
47 8
48 46
48 49
48 8
49 46
49 8
24 50
51 24
24 52
51 50
50 18
52 50
51 18
51 52
52 18
36 8
12 8
8 41
36 41
36 15
41 34
15 34
32 41
15 32
15 41
32 18
15 42
53 18
53 49
55 54
5 54
5 55
8 54
8 55
5 8
53 8
18 54
53 54
18 55
53 55
53 5
53 32
33 56
53 34
18 34
53 12
8 57
58 8
24 8
24 12
36 24
36 18
36 59
36 60
36 61
59 18
59 60
59 61
60 18
61 18
61 60
40 18
24 40
62 34
63 8
8 64
58 5
63 32
63 34
36 65
36 4
24 34
24 65
67 66
68 67
68 66
51 66
66 50
24 66
24 69
69 66
51 69
66 8
69 8
70 71
72 8
72 66
30 72
72 29
24 72
69 70
69 71
72 69
73 74
73 75
73 66
74 75
74 66
66 75
68 69
69 76
66 76
68 76
68 24
24 76
76 75
74 76
68 75
76 77
68 74
66 77
72 79
69 79
24 80
72 81
24 79
83 82
80 69
84 66
85 75
66 81
86 82
66 34
48 82
72 87
87 69
24 87
48 87
48 24
48 72
48 69
87 66
89 24
24 29
29 66
90 29
90 24
90 72
90 69
89 66
89 29
72 60
91 72
87 60
91 87
91 60
24 60
69 60
66 60
91 24
91 69
91 66
12 66
87 75
91 75
92 93
94 92
94 93
95 94
95 92
95 93
95 96
99 94
98 97
96 93
99 100
94 100
95 99
96 98
72 98
96 72
101 72
101 98
101 96
99 102
94 102
72 103
96 103
103 98
72 93
69 93
96 69
94 98
93 104
91 93
24 93
105 93
72 104
91 104
96 104
69 104
24 104
105 104
105 72
91 96
91 105
24 96
105 96
105 69
105 24
95 72
107 99
108 93
109 104
72 94
96 94
109 110
110 106
110 93
108 110
109 106
109 93
108 109
93 106
108 106
69 98
66 98
